edit_median: 12.0
edit_mean: 12.125667988277883
jaccard_median: 0.47619047619047616
jaccard_mean: 0.47071520792870164